[Tag0]
k0=0.5000000000000001
b0=-0.2500000000000018
k2=0
b2=0
k1=2.000000000000001
b1=0.5
k3=0
b3=0
